15101525147
18810108194
13522437266
13520602332
15010762762
15010671808
15010542799
15811581745
13718917772
13717859123
13717804411
13691492366
13671153339
13641073336
13522734400
13522674545
13439969900
13439966101
13439239230
15810237798
15801188194
15801188134
15801188124
13466506090
13466505998
13522437588
15010784599
15010784588
15010542788
13718491899
13718491788
13691486088
13521437288
13436675959
18810157658
18810157618
18810157608
18810157268
18810157258
18810108257
18810108254
18810108250
18810108239
18810108235
18810108232
18810108230
18810108229
18810108219
18810108217
18810108216
18810108214
18810108209
18810108207
18810108204
18810108197
18810108175
18810108174
18810108173
18810108172
18810108171
18810108170
18810108169
18810108167
18810108164
18810108157
18810102734
18810102718
18810102714
18810102709
18810102684
18810102683
18810102679
18810102670
18810102654
18810102652
18810102651
18810100879
18810100872
18801172099
18801171868
18801171399
18801153599
18801153586
18801153566
18801061918
18801061900
18801061890
18801061878
18801061870
18801061860
18801061850
18801061830
18801061820
18801061700
18801061630
18801061567
18801061507
18801061506
18801061505
18801061078
18801061068
18801061058
18801026599
18801022600
18801015090
18801015070
18801015006
18801015003
18801015002
18710098838
18710091108
18710090309
18701668838
18210688788
15910289688
15811588923
15811467575
15811465151
15811463636
15811315766
15811315077
15811267171
15811190519
15811170926
15811160308
15811150929
15811109069
15811097717
15811050728
15811035898
15811031889
15811031868
15811030518
15811029868
15811023818
15811022808
15811021698
15811020878
15811016178
15811015118
15811011218
15811010506
15811010209
15811007738
15811006108
15811006078
15811005198
15811005006
15811003639
15811003198
15811000956
15811000696
15810880295
15810880213
15810879968
15810879687
15810879528
15810879398
15810879378
15810879368
15810752188
15810750688
15810689878
15810668799
15810667868
15810612009
15810510729
15810510526
15810500078
15810337288
15810237757
15810199209
15810197718
15810196989
15810196558
15810191858
15810191158
15810190968
15810186889
15810186598
15810185908
15810181698
15810180719
15810117017
15810109809
15810109016
15810100878
15810100696
15801661015
15801660512
15801660507
15801660205
15801559788
15801363788
15801188204
15801188203
15801188202
15801188193
15801188132
15801133050
15801130688
15801018316
15210818838
15210810108
15210798188
15210778678
15201554088
15201520084
15201520034
15110275288
15110056288
15010592828
15010219288
15010200588
15010180616
15010106988
15010093988
13811982059
13811978736
13811920569
13811618578
13811618508
13811562099
13811558926
13811261202
13811159612
13811010573
13811010533
13811006371
13811003297
13811002375
13811001752
13810897126
13810897029
13810896326
13810896179
13810895109
13810892356
13810883016
13810882729
13810879026
13810878239
13810877509
13810876326
13810875079
13810875069
13810875016
13810790625
13810790230
13810751798
13810728158
13810713566
13810693036
13810685926
13718918518
13717671009
13717670216
13717611129
13717610819
13717566899
13716589929
13716120466
13701396159
13701384799
13701380791
13701363630
13701362731
13701358685
13701356136
13701330758
13701266550
13701266297
13701263067
13701259532
13701259362
13701256517
13701256280
13701255590
13701255330
13701253831
13701252739
13701252163
13701251952
13701251893
13701251651
13701251172
13701250793
13701250262
13701231363
13701222096
13701215783
13701213960
13701212915
13701211751
13701210795
13701210578
13701209953
13701208257
13701208021
13701206285
13701202870
13701202602
13701199153
13701197913
13701153007
13701151628
13701127139
13701122851
13701078529
13701075591
13701075171
13701072962
13701067739
13701063751
13701062982
13701059760
13701058032
13701056502
13701053829
13701053729
13701052872
13701036712
13701031852
13701028359
13683587575
13683308282
13683242227
13661091086
13601399753
13601398632
13601398037
13601397210
13601392652
13601375132
13601373572
13601373192
13601372915
13601370231
13601331562
13601331132
13601328217
13601325750
13601325715
13601312935
13601312915
13601312783
13601286533
13601266710
13601265221
13601255023
13601222637
13601222572
13601221891
13601217234
13601215072
13601213532
13601211620
13601210632
13601209582
13601209325
13601197090
13601196780
13601195762
13601195061
13601192875
13601190652
13601176105
13601175162
13601171532
13601161563
13601160293
13601157253
13601137260
13601132932
13601096875
13601092391
13601085975
13601081273
13601079513
13601079065
13601076035
13601070937
13601037621
13601025351
13601017532
13552482388
13522143030
13521892388
13521732699
13520768076
13501297583
13501289783
13501287057
13501228905
13501228381
13501201862
13501195171
13501083797
13439893322
13439269797
13436921998
13436685757
13436683322
13436680022
13436671122
13436328588
13436325788
13436685511
15811588922
15810325252
15810297772
15810295552
15810295550
15810295353
15810295252
15010573030
13521112539
13439132255
13436673322
15811097199
15811096977
15810880937
15810880936
15810880931
15810880335
15810880051
15810326262
15810325353
15810296262
15201520097
15201520094
15201520079
15201520076
15201520075
15201520071
13701385637
13701350989
13701273259
13701267228
13701266182
13701262310
13701262116
13701252676
13701238791
13701237380
13701227356
13701225739
13701223078
13701221756
13701207692
13701205019
13701203728
13701198570
13701133870
13701078229
13701072390
13701065096
13701059607
13701017193
13671297070
13671005252
13601371329
13601321952
13601223902
13601217720
13601216502
13601215190
13601215087
13601212603
13601212217
13601211716
13601209279
13601208723
13601199571
13601196773
13601196310
13601191352
13601189732
13601159772
13601157097
13601156793
13601085179
13552019339
13520792199
13520758266
13520730988
13501267010
13501262790
13501177850
13501125291
13501125073
13501123957
13501123872
13501123627
13501123507
13501123357
13501121627
13501120793
13436687979
13436687711
13436676622
18210518838
15810880982
15810880933
15810880679
15810296363
15201520103
15201520091
15201520017
15010782988
15010428188
13552522733
13520729922
15811588929
15810297700
18810108190
18810108179
18210518789
15810832200
15810762200
15801188216
15801188129
15801188126
15201520069
15201520039
15201520038
13911768132
13911703732
13911703652
13911692375
13911587392
13911583803
13911579627
13911578562
13911576592
13911563571
13911563072
13911501352
13911326370
13911326301
13911303975
13911271831
13911267165
13911257513
13910935970
13910931675
13910926753
13910926105
13910921675
13910916953
13910837327
13910836720
13910827613
13910716535
13910637850
13910637015
13910597850
13910592710
13910591731
13910532071
13910513702
13910511735
13910339015
13910331292
13910298075
13910293171
13910282337
13910281597
13910278375
13910278237
13910276190
13910275320
13910273325
13910273061
13910271583
13910271575
13910265163
13910237563
13910217290
13910216950
13910203751
13910138507
13910137935
13910135710
13811621556
13810860488
13701169803
13701169772
13701168263
13701167623
13701167563
13701167503
13701162339
13701162329
13701061323
13701058710
13701035021
13671302929
13601211362
13601195836
13552696006
13436688282
13436671155
18810108187
18810078368
18801026598
18210518788
15901591878
15811588959
15811581870
15811581827
15811581792
15811581790
15811581783
15811581753
15811581732
15811581730
15811581705
15811581703
15811581673
15811581672
15811581670
15811581635
15811581630
15811581625
15811462233
15811377575
15811296363
15811238282
15810906622
15810895885
15810518822
15810517171
15810326363
15810315788
15810297733
15810270788
15810238878
15801171858
15210858118
15210847222
15210847111
15210828558
15210818558
15210818228
15210810110
15210800110
15201520078
15201520026
15201520019
15201509088
15010671788
15001180660
15001167733
13910273220
13701396203
13701392635
13701388207
13701383096
13701271012
13701269068
13701268229
13701266051
13701265683
13701263755
13701261035
13701258035
13701257635
13701253865
13701251723
13701251139
13701239538
13701237178
13701216755
13701211382
13701209576
13701209019
13701208796
13701198682
13701197706
13701168937
13701168923
13701168723
13701168150
13701162179
13701162160
13701078719
13701061197
13701056276
13701032673
13621362572
13601399093
13601375278
13601329036
13601313803
13601313329
13601313039
13601312969
13601312959
13601312596
13601311162
13601298709
13601297969
13601253809
13601238076
13601223392
13601213736
13601197278
13601191931
13601182659
13601176579
13601173156
13601171676
13601163509
13601163109
13601157336
13601156179
13601156109
13601076539
13601070488
13552100788
13552003004
13522703434
13521366262
13520756988
13520720878
13520650055
13439966607
13439966010
13436671177
18810078518
18210518828
15811581912
15811581902
15811581897
15811581867
15811581807
15811581780
15811581770
15811581756
15811581751
15811581715
15811581706
15811558871
15810981100
15810738855
15810731177
15810725500
15810326611
15810325511
15810296060
15810295522
15801315511
13911667102
13911667031
13911665723
13911663915
13911661753
13701169736
13701168722
13691357722
15811581738
15811581725
15811581723
15811581679
15811581621
15811581570
15810326622
15910699788
15811581831
15810296600
13701082133
13601182596
13601155271
18810009180
15811581579
15810788118
15810309191
15810239788
15810239188
15210941222
15210845333
15010068822
13910715922
13910233176
13910208931
13811952066
13811807266
13811305366
13683652626
13439421222
13436676565
18810108178
18810100817
18810100623
18810078378
18210518878
18210518808
15811581892
15811581755
15811581729
15811581726
15811581721
15811576262
15811558958
15811316060
15810670011
15810518877
15101510699
13911522506
13910921477
13910511706
13810632399
13701168976
13701168719
13701167576
13683653300
13661366994
13661366640
13611315288
13552750099
13521972266
13521119288
13520723322
15010068833
13910887261
18210518858
15810880923
13911876912
13910932706
13910719306
13910219322
13601215676
13520118388
18801153588
15910627878
15811557388
15811430123
15811380099
15810895656
15810738686
15810667722
15810570055
15810326633
15801618618
15801318877
15801234574
15101000858
15001108828
13911721379
13911651392
13911593179
13911539176
13911537633
13911297499
13910937859
13910935796
13910932679
13910932156
13910926765
13910921356
13910593209
13910516926
13910301322
13910293922
13910236379
13910175926
13910175676
13910175316
13910173729
13910173209
13910171376
13910155376
13910137636
13910137609
13811638299
13811637199
13811627099
13811583299
13811583199
13811572099
13811571599
13811375399
13811370299
13811325299
13810923099
13810720399
13810535099
13810372599
13810353299
13716292008
13716222008
13701169796
13701130955
13661022988
13641398988
13641308088
13641266188
13641166288
13522510002
13522169911
13522160002
13521720002
13520723300
13439236222
13436689955
13436683355
13436679911
13436678080
15811312299
13910217379
15811375577
15810832266
13910284799
15810832277
15810821177
13910312155
13911378036
13911302499
15811581799
15811581797
15811581737
15810835599
15810762299
15810725599
15010519898
13911585716
13911513755
13910388376
13910327916
13910317806
13910309679
13910308176
13910307596
13910259776
13910235796
13910232506
13910217309
15811252299
15810731199
15810602299
13581571199
15811290099
15810832288
15810821166
15801612299
15001020606
13911576259
13910919659
13910387276
13910387186
13910381539
13910301259
13910261997
13910232776
13910226729
13910226539
13910221316
13910219556
13910213019
13683532299
18811079388
18811073288
18811019388
18811012088
18811010388
18810235388
18810227388
18810200388
18810108191
18810073688
18801171788
18710088828
15810672299
15810620099
15010601688
13911663279
13911583826
13911577906
13911256376
13910388557
13910387519
13910337996
13910333176
13910332755
13910328726
13910327316
13910327219
13910258639
13910237596
13910215539
13910213156
13910208739
13810710060
13810311788
13701133499
13683243322
13683141212
13651248000
13601331181
13436686622
15810832299
15811581591
15811362000
15010068877
18810078078
18810077678
15810981199
15810968877
15810515599
15810725566
15810325566
15811375599
15810329977
18811179388
18811175388
18811171388
18811170388
18811159388
18811157388
18811137388
18811135388
18811132388
18811107388
18811106388
18811105388
18811102388
18811015088
18811013688
18811012588
18810230288
18810225788
18810225288
18810102678
18801073688
15811296868
15810813222
15810766664
15810739898
15010511100
13911591091
13911577986
13911572378
13910931078
13910719189
13910518038
13910511928
13910337937
13910328959
13910326328
13910325938
13910317488
13910302938
13910274099
13910263228
13910241699
13910228835
13910199279
13910175308
13910018719
13910017819
13811776670
13701320778
13701131018
13683647111
13683145656
13601313987
13436671333
15810628222
15810295566
13911008902
13911005975
15811375858
15810835566
18810233788
13611155560
15010511501
13811281998
15001196868
13910591758
13910195718
13910170366
13910157266
18810057088
15811290088
15810688008
15210151521
13701213233
18811179288
18811173088
18811171288
18811153988
18811153288
18811152788
18811150788
18811150288
18811139788
18811139388
18811139288
18811137288
18811136288
18811135788
18811132788
18811130788
18811130588
18811125788
18811103788
18811103288
18811102788
18811012188
18810108158
18810069188
15810981118
15810716333
15810298866
15801223388
15801223377
15801223355
15801223222
13911579658
13911329677
13911259277
13911258177
13911256377
13910739277
13910257166
13910210568
13810570222
13701318718
13701131168
13701099700
13910931178
18810102988
18810102588
18810065288
18801190588
13911577698
13910927098
13910380266
13910329358
13910253266
13910150878
13701310858
15811371581
18811176988
18811130688
18811126088
18811102088
18811010988
15101501510
13621234589
13521345675
15811375588
15810835588
15810725588
15810675588
15810325588
13910792399
13910307299
13910173599
13601373588
13601152188
18810100988
18810100788
18801106988
15910389000
15810895858
13910219958
13801170720
13811691381
13810710086
18810810181
18810190988
18801171880
18801115288
18801096988
18801093088
18801092688
18801077288
18801068988
18801065288
18801063088
18801060600
18801013788
15810606868
13911832121
13910892918
13910877599
13910318298
13910316558
13910008230
13910003835
13701293788
13701131088
13601213188
13601001070
13910011310
18810186988
15811583000
15811312666
15810832999
15810725999
15810386777
15810373666
15810325999
15810325666
15810298777
15810295666
15810217999
15001187666
13501213111
13501179333
15811581898
15811376999
15810621999
15810127999
13910973288
13910938228
13910217288
13910127388
13910009272
18810101101
18801060588
15811589333
15811561999
15811296777
15810937999
15810906999
15810296777
13521211818
13520288887
15811583111
15810897666
13910985198
13522932777
13522379777
18810100900
18801022088
15811572888
15811558777
15811558666
18810103737
18810103535
18810103232
15811589111
15811116644
15810862999
15810739888
15810633888
13911555507
13911296788
13910843210
13520675678
13520371999
15811117700
13910380003
13911569977
15811116633
13901321513
13901306025
18810100505
15811115333
13901221676
13901030892
13911629000
13910169000
18801308999
18801233999
15810606060
13901356931
13901199610
13601136777
13910819000
15811117799
13911616000
13911230666
13911075666
13910836777
13910586000
13910192777
13901320550
13901236931
13901065396
15811116111
13910700777
13901063003
13910509888
13910391888
13910390888
13910179888
13439856789
13681433333
13910881818
13901309333
13651166497
15201395608
13691177312
13683117922
13651165259
13651160378
13651126378
13651092579
13552609083
13522788252
13521811307
13521289234
13661370504
15810701028
15810700706
15810700619
15810687889
15810600079
15810319198
15810306626
15810301978
15810301976
15810300669
15810300668
13718580215
13671371520
13522776353
13701262234
13683300975
13683222078
13681366522
13681365752
13681363619
13651369086
13651362322
13651166275
13552609277
13552003309
13522000839
13521872218
13521869345
13521829859
13521827345
13521820714
13521812216
13521810204
13521803277
13521591655
13521591058
13521287908
13521233606
13521232959
13521231609
13521221050
13521220079
13521219905
13521116559
13683222767
18810820114
18801097738
18801097716
18710187102
18201189868
18201189866
15811560518
15010302302
13716270609
13699115629
13683300875
13683300170
13683117108
13681111437
13681100356
13681100195
13671150210
13671150127
13671110613
13661371210
13661370720
13661370205
13661320102
13651367959
13651366029
13651155651
13651155613
13651155095
13621218019
13621215529
13621188537
13621122956
13621122731
13621111734
13611226219
13611223890
13611221893
13611071021
13611017559
13552885259
13552619733
13552232070
13552008169
13522009368
13522008756
13522000356
13521090203
13521050091
13520868817
13520610607
13520066316
15811329918
13683260113
15911131798
15810561699
15810310212
13552000596
18810820130
18810160221
18810160210
18810110410
18810105069
18801097756
18801078629
18801078609
18801077076
18801038996
18801038908
18801038890
18801038875
18801038873
18801038872
18801038871
18801038870
18801038832
18801038827
18801038817
18801038812
18801038809
18801038807
18801038802
18801030615
18710187109
18710187106
18710186858
18710061015
18710061013
18201548883
15911061225
15811330210
15811000575
15811000269
15810718878
15810053198
15801591878
15801383868
15201000719
15120092668
15120071388
15120011866
15120001958
15010611985
15010611979
13701215982
13701215763
13701215306
13701215162
13701213985
13701171902
13701170962
13701138793
13693691950
13693687090
13693322969
13693287123
13693170318
13693150807
13693081031
13693080823
13693000507
13691550719
13691380701
13691199875
13691199675
13691199102
13691177992
13691128298
13691120345
13691119179
13683521020
13683300709
13683300373
13683299937
13683298655
13683297055
13683296679
13683117234
13681592619
13681591619
13681591103
13681590809
13681588129
13681531021
13681530807
13681530622
13681369893
13681369792
13681366305
13681365308
13661160702
13651369622
13651170512
13621239519
13621191015
13621190366
13621188937
13621188607
13621188107
13621188070
13621166825
13621166727
13621122756
13611197985
13611196870
13611190830
13611021013
13611005708
13552621800
13552620615
13552620517
13552611206
13552610611
13552299621
13552299509
13552299328
13552299282
13552299096
13552288930
13552288563
13552288129
13552230920
13552230903
13552230525
13552230506
13552230229
13552230131
13552230116
13552105589
13552105366
13552105070
13552003978
13552001889
13522782271
13522345682
13522020604
13522002729
13522002261
13522001676
13522000914
13521999790
13521999682
13521999316
13521999202
13521897123
13521888905
13521888795
13521888675
13521888267
13521888213
13521888103
13521888026
13521868218
13521841983
13521831521
13521830868
13521830125
13521828298
13521591230
13521591108
13521590712
13521289796
13521188962
13521188395
13521188376
13521055733
13520870229
13520806030
13520561985
13520005896
13426128988
13521830599
18810601973
18810601972
18810601971
18810601970
18810601105
18810160213
18810160206
18801180914
18801155597
18801155576
18801078633
18801078622
18801039038
18801003708
18710121088
18701659288
18310955575
15911130921
15911120910
15911120703
15911120613
15901587288
15810351219
15201321788
15010971501
15010612788
15010609288
15010569788
15010569388
15010061388
13811670504
13718960788
13718883571
13718882639
13718261979
13701168310
13701160953
13701158179
13701157961
13701156932
13701153862
13701153221
13701152391
13701139662
13701139305
13701135802
13701132193
13701132170
13701129853
13693310188
13693205788
13691259198
13683691102
13683517088
13683299700
13683299456
13683296388
13683296199
13683295966
13683112009
13681567199
13681158099
13671159288
13671135788
13671000807
13651391799
13651390299
13651370199
13651368289
13651161970
13651161090
13651157599
13651022168
13621233788
13621191975
13621190788
13621160788
13552609877
13552351099
13552282799
13552190366
13552190266
13552189788
13552106618
13552033166
13522770913
13522770317
13522001972
13521973288
13521905366
13521888337
13521857566
13521823788
13521821980
13521812899
13521675199
13521592198
13521291973
13521291799
13520871299
13520871266
13520869315
13520868099
13520238099
13520061975
13501202316
13501202073
13501201873
15810901070
13501158719
18801077233
18801077098
18810911107
18801155579
18801155526
18801155517
18801097708
18801077090
18801077060
18801077050
18801061377
15810821581
15120076076
15011173288
13811123016
13811121738
13811121596
13717681981
13701171638
13701171362
13701161823
13701159539
13701158871
13701139729
13701139175
13701139017
13701138256
13701136380
13701136287
13701136276
13701136270
13701131302
13701130779
13701130557
13701125653
13693080877
13691551979
13683299066
13661022232
13651171618
13601358206
13601093531
13522000712
13520195520
13501266259
13501266159
13501159316
13501158506
13501158319
13501158309
13501158229
13501158197
13671056056
15110161788
15011377088
18210361388
18210361088
18210085288
13811123129
13701163829
13701153856
13701139516
13701139252
13701136292
13691530811
13691530801
13522816520
13521952388
13521805578
18801181677
15901192188
15210186588
15210136788
15210089788
15011589788
15001123588
18801100992
18801105198
18801097787
18801097767
18801097737
15810399979
13811128196
13811123278
13811107398
13701185131
13701139776
13701139685
13701136296
13701133972
13701133759
13701133705
13701129010
13701125589
13681111387
13651365309
13651365272
13651365163
13651365075
13621234308
13621234155
13552266959
13552266553
13521634588
13466783088
13439981288
15901196588
15901100050
15801563188
15210138088
13521959188
18210361288
13810006170
15811252188
15210099588
13910267205
13911070597
13911070371
13911070275
13911067183
13910852637
13910851375
13910839637
13910839167
13910838071
13910837095
13910836157
13910828053
13910828037
13910827960
13910827953
13910827937
13910827905
13910827672
13910827625
13910827617
13910827517
13910827350
13910827325
13910827175
13910827162
13910827093
13910827091
13910827087
13910827073
13910826893
13910826853
13910826792
13910826750
13910826573
13910826071
13910825723
13910825612
13910825351
13910825325
13910825305
13910823821
13910815703
13910815073
13910737057
13910723093
13910722671
13910717660
13910716712
13910712953
13910711861
13910711857
13910711593
13910710263
13910579253
13910576771
13910572162
13910567370
13910565293
13910550952
13910531621
13910528237
13910527957
13910521657
13910519203
13910519063
13910517673
13910503713
13910502910
13910383793
13910382650
13910382083
13910381915
13910369713
13910355231
13910296975
13910295273
13910273851
13910270952
13910267912
13910263207
18801097818
18210358988
15811257733
15810812929
15810633030
13911098137
13911096257
13911096235
13911096205
13911096157
13911091670
13911091592
13911090297
13911086953
13911086935
13911086702
13911086572
13911086513
13911086325
13911081272
13911080697
13911080572
13911075793
13911075731
13911075573
13911075271
13911075173
13911075103
13911073972
13911073970
13911073963
13911073813
13911073753
13911073261
13911073251
13911073250
13911073221
13911073180
13911073170
13911073163
13911073101
13911073035
13911073015
13911072853
13911072825
13911071702
13911071562
13911071530
13911071383
13911071382
13911071305
13911071253
13911071063
13911070975
13911070693
13911070631
13911070593
13911070395
13911070367
13911070261
13911069735
13911069732
13911069571
13911069302
13911069270
13911069220
13911069132
13911069083
13911068752
13911068705
13911068632
13911068570
13911068272
13911068250
13911068063
13911067965
13911067962
13911067162
13911067160
13911065102
13911065032
13911063781
13911063725
13911063712
13911063710
13911063692
13911063672
13911063572
13911063172
13911063037
13911062873
13911062797
13911062675
13911062582
13911062537
13911062390
13911062373
13911062362
13911062180
13911062025
13911061823
13911061762
13911061750
13911061710
13911061672
13911061372
13911061325
13911061302
13911061251
13911061037
13911060973
13911060875
13911060751
13911060572
13911060290
13911059735
13911059713
13911059627
13911059602
13911059325
13911059260
13911059167
13911059162
13911059107
13911058753
13911058701
13911058675
13911058670
13911058392
13911058297
13911058270
13911057937
13911057932
13911057931
13911057901
13911057850
13911056892
13911056203
13911056172
13911056170
13911056127
13911056107
13911056075
13911056037
13911055712
13911055293
13911055132
13911053973
13911053892
13911053832
13911053812
13911053810
13911053632
13911053610
13911053561
13911053261
13911053260
13911053160
13911053095
13911052952
13911052735
13911052681
13911052392
13911052371
13911052317
13911052302
13911052301
13911052132
13911052097
13911051712
13911051671
13911051532
13911051387
13911051302
13911051283
13911039721
13911039637
13911039371
13911038972
13911038761
13911038610
13911038530
13911038271
13911038175
13911038130
13911038017
13911026830
13911025893
13911025823
13911025813
13910915831
13910913250
13910913102
13910912612
13910903813
13910870753
13910870573
13910870562
13910870390
13910869803
13910869705
13910868792
13910868257
13910868137
13910867590
13910867331
13910867320
13910867301
13910867250
13910867082
13910866352
13910866051
13910865712
13910865173
13910865103
13910865073
13910863873
13910863815
13910863651
13910863597
13910863262
13910863153
13910863051
13910863027
13910862831
13910862695
13910862530
13910861763
13910859620
13910859512
13910859362
13910859301
13910859263
13910859170
13910859062
13910858932
13910858715
13910858637
13910858603
13910858312
13910858170
13910858093
13910857912
13910857903
13910857782
13910857662
13910857513
13910857390
13910857387
13910857253
13910857221
13910857197
13910856793
13910856702
13910856352
13910856330
13910856310
13910856305
13910856287
13910856235
13910856213
13910856190
13910856150
13910856053
13910855703
13910855371
13910855273
13910853910
13910853907
13910853862
13910853701
13910853371
13910853172
13910853102
13910853091
13910853057
13910852957
13910852775
13910852771
13910852705
13910852692
13910852683
13910852573
13910852392
13910852365
13910852302
13910852301
13910852171
13910852092
13910851712
13910851705
13910851635
13910851335
13910851170
13910850390
13910850263
13910839830
13910839751
13910839712
13910839702
13910839510
13910839387
13910839270
13910839262
13910839173
13910839112
13910839057
13910838967
13910838952
13910838793
13910838710
13910838672
13910838552
13910838502
13910838272
13910838270
13910838025
13910837903
13910837731
13910837293
13910837093
13910837062
13910836792
13910836572
13910836382
13910836372
13910836280
13910836251
13910836232
13910836192
13910836072
13910835972
13910835312
13910835287
13910835237
13910835221
13910835175
13910835160
13910835097
13910835091
13910833975
13910833932
13910833907
13910833871
13910833701
13910833267
13910833105
13910833073
13910833052
13910831652
13910831372
13910831297
13910831252
13910830793
13910830732
13910830691
13910830657
13910830562
13910830357
13910830252
13910830171
13910829737
13910829623
13910829603
13910829365
13910829251
13910829132
13910829023
13910828973
13910825193
13910825192
13910825191
13910816250
13910816217
13910816203
13910815962
13910815932
13910815902
13910815837
13910815832
13910815591
13910815357
13910815323
13910815310
13910815307
13910815130
13910815065
13910815035
13910813397
13910813162
13910813157
13910813017
13910812903
13910812851
13910812797
13910812631
13910812563
13910812302
13910812270
13910812063
13910811953
13910811593
13910810357
13910810283
13910725882
13910721950
13910711903
13910698320
13910696102
13910662871
13910596150
13910595320
13910595061
13910588172
13910583352
13910563261
13910556910
13910522160
13910509673
13910385902
13910385702
13910383225
13910382951
13910380692
13910380262
13910353662
13910350693
13910338915
13910331732
13910321257
13910318705
13910318203
13910316902
13910315771
13910312605
13910295082
13910291563
13910289035
13910275582
13910268190
13910268153
13910267513
13910266173
13910262531
13910259323
13910258203
13910120631
13811122719
13810169589
13701211970
13701160663
13701160619
13701130923
13701130725
13701130619
13701126398
13552165955
13910566023
13910508303
13910506223
13910399020
18801105199
15810309080
13701158322
13911067313
13910853397
13910831710
13910829853
13910829852
13910828132
13910827763
13910827252
13910826595
13910826252
13910825501
13910813662
13910812993
13910305591
18801155575
13911075171
13911066937
13911066873
13911066793
13911066571
13911066513
13911066391
13911066283
13911062682
13911062235
13910913382
13910909503
13910909261
13910909251
13910906113
13911053312
13911053130
13911038872
13910857795
13910857075
13910857012
13911086063
13911080232
13911080157
13911071303
13911070053
13911067802
13911063357
13911063295
13911063195
13911063112
13911059795
13911058982
13911051961
13910887352
13910887251
13910885971
13910885782
13910883792
13910882753
13910882173
13910881723
13910852980
13910852810
13910851512
13910850667
13910839820
13910839662
13910839597
13910837893
13910837012
13910836717
13910836710
13910836637
13910836002
13910835897
13910835675
13910835593
13910835590
13910835561
13910831835
13910831813
13910831517
13910831035
13910827895
13910827090
13910709971
13910071305
13910069573
13910063192
13910056532
13718976633
13717919922
13910835717
13701160755
13701133382
13911086012
13911071175
13911071163
13910813101
13910867012
13910810853
15810968855
13910830882
13910852737
13701133370
18810193988
18801267588
18801267388
18801267288
18801267188
13911138057
13911109730
13911109273
13911108732
13911108203
13911070827
13911059882
13911050131
13910870712
13910870631
13910862535
13910856002
13910855012
13910826182
13911071397
13911100732
15811337070
15910932000
13910266670
13911066652
13911066637
13911100695
18801153988
13910505030
13910888953
18801062588
13701186186
13910912580
13910813813
13910812812
13439500777
13910561777
13501383597
13501381597
13501381537
13501379175
13501375307
13501337875
13501311197
13501308067
13501302817
13501295883
13501282935
13501278175
13501207995
13501207307
13501207137
13501191571
13501190137
13501175095
13501169275
13501166912
13501063097
13501062927
13501036197
15011315171
13911279019
13910933395
13910933387
13910929201
13910751151
13910611065
13910752075
13910507030
13801196979
13911391958
15801010109
15101121978
18810632499
18810620499
18801076603
18801076602
18801076601
18801076597
18801076596
18801076595
18801076592
18801076590
18801076589
18801076582
18801076581
18801076580
18801076579
18801076575
18801076573
18801076572
18801076571
18801076570
18801076569
18801076563
18801076562
18801076561
18801076559
18801076557
18801076553
18801076552
18801076551
18801076550
18801076539
18801076538
18801076537
18801076536
18801076535
18801076533
18801076532
18801076531
18801076530
18801076529
18801076527
18801076526
18801076525
18801076523
18801076522
18801076519
18801076516
18801076513
18801076512
18801076510
18801076509
18801076508
18801076507
18801076506
18801076505
18801076503
18701567859
15811583959
15811583779
15811583726
15811583719
15811583716
15811583539
15811580959
15811561318
15801535699
15801532168
15101561123
15101539288
15101110719
15011558538
15011166972
15011166385
15011165367
15011165278
15011163080
15011162925
15011162737
15011162597
15011162085
15011161796
15011159070
15011158813
15010863608
15010852056
15010675758
15010567886
15010567876
15010567855
15010567808
15010555377
15010519123
13718890293
13718890161
13718889496
13718889470
13718889204
13718889184
13718887545
13718887184
13718886941
13718886843
13718886424
13718886124
13718885514
13718885460
13718885204
13718885044
13718884923
13718708180
13718618797
13718553920
13716523282
13701338112
13701337661
13701213895
13699279250
13699126992
13693675675
13691588077
13691588013
13691586850
13691586629
13691583280
13691583039
13691582039
13691123959
13691119950
13691119850
13691119612
13683227223
13683221826
13683208029
13683208018
13683208002
13683203899
13683200277
13681520200
13681367325
13681077731
13681056836
13671299079
13671298019
13671297655
13671119729
13661368922
13661368071
13661368059
13661367952
13661363923
13661363730
13661363017
13661362908
13661362752
13661361509
13661360637
13661332700
13661332285
13661331836
13661331823
13661330933
13661330398
13661329755
13661329327
13661329258
13661322636
13661322358
13661321259
13661321068
13661321036
13661320676
13661320661
13661318339
13661318306
13661318293
13661318209
13661318182
13661318068
13661316627
13661316158
13661316019
13661316018
13661315280
13661315108
13661315019
13661313797
13661313387
13661312996
13661312618
13661312113
13661310196
13661310017
13661309870
13661309676
13661309569
13661309133
13661307029
13661307017
13661306208
13661305396
13661305127
13661303996
13661303112
13661302659
13661301836
13661301757
13661301667
13661300270
13661300152
13661300017
13661299691
13661298196
13661298151
13661297631
13661297522
13661297091
13661297087
13661296859
13661296259
13661296059
13661295990
13661295786
13661295563
13661295055
13661293857
13661291522
13661290869
13661290778
13661290586
13661288979
13661286221
13661281917
13661281236
13661280255
13661280236
13661280136
13661279619
13661278229
13661277218
13661277119
13661276198
13661275068
13661273868
13661273077
13661271860
13661269309
13661268055
13661266901
13661265679
13661260639
13661258819
13661169578
13661169565
13661168315
13661168151
13661167819
13661167169
13661167082
13661162805
13661162619
13661068543
13661061356
13661061050
13661060768
13661059178
13661058659
13661055653
13661019208
13661008572
13661008126
13661007993
13661007623
13661007352
13661006920
13661006902
13661006753
13661006637
13661006212
13651083725
13651028937
13621121624
13611108759
13552981695
13522995816
13522995220
13522992962
13522992920
13522981511
13522981059
13522980986
13522980868
13522966650
13522290602
13522287873
13522285087
13522282907
13522276021
13522275912
13522273523
13522271075
13522265783
13522262973
13522262017
13522251031
13522250719
13522219445
13522219379
13522217850
13522207102
13522009020
13522009010
13522008526
13522008121
13521510769
13521508797
13521307004
13520890080
13520889870
13520889778
13520702132
13520173631
13520020053
13520019870
13520018116
13520016628
13520011773
13520011318
13520011179
13520010053
13520009895
13520009863
13520009817
13520009759
13520009757
13520009735
13520009729
13520009672
13520009670
13520009632
13520009621
13520009605
13520009586
13520009532
13520009365
13520009323
13520009103
13520008953
13520008923
13520008913
13520008796
13520008793
13520008759
13520008725
13520008560
13520008552
13520008539
13520008512
13520008509
13520008372
13520008352
13520008332
13520008325
13520008317
13520008297
13520008270
13520008237
13520008217
13520008206
13520008173
13520008165
13520008159
13520008092
13520008079
13520008027
13520007965
13520007859
13520007657
13520007608
13520007512
13520007385
13520007362
13520007361
13520007297
13520007287
13520007260
13520007208
13520007137
13520007113
13520007037
13520006976
13520006922
13520006920
13520006852
13520006801
13520006763
13520006536
13520006533
13520006395
13520006378
13520006297
13520006217
13520006209
13520006107
13520006105
13520006097
13520006072
13520005981
13520005975
13520005965
13520005961
13520005960
13520005923
13520005803
13520005790
13520005780
13520005771
13520005728
13520005721
13520005627
13520005609
13520005325
13520005286
13520005182
13520005098
13520005096
13520002621
13520002615
13520002582
13520002390
13520002385
13520002372
13520002296
13520002217
13520002170
13520002167
13520002087
13520002071
13520002062
13520001839
13520001795
13520001768
13520001671
13520001638
13520001630
13520001572
13520001527
13520001178
13520001172
13520001087
13520001082
13520001037
13501329179
13501328796
13501328516
18810632378
18810632238
18810632208
18810632108
18810631928
18810631738
18810631708
18810631628
18810631608
18810631378
18810631358
18810631328
18810631308
18810631278
18810631138
18810631038
18810630938
18810630778
18810630578
18810630378
18810630338
18810630278
18810630238
18810629778
18810629708
18810621308
18810621138
18810621078
18810621038
18810620738
18810620578
18810620378
18810620038
18810500638
15811561208
15811561127
15811389799
15811222608
15811222028
15811037588
15801666089
15210888952
15210888931
15210888927
15210888790
15210888391
15210888319
15210886889
15210803288
15210286988
15201371588
15201227890
15201039388
15120088122
15116971388
15011196599
15011137988
15011123899
15011122968
15011122508
15011121900
15011121152
15011108869
15010888915
15010888595
15010888562
15010888273
15010888230
15010888205
15010888192
13718957858
13718933138
13718932606
13718932355
13718932311
13718931655
13718930617
13718929931
13718929593
13718929536
13718929311
13718887971
13718886370
13718886317
13718882795
13718881735
13718831129
13718829906
13718829658
13718829528
13718828893
13718828892
13718828876
13718618377
13718399598
13718399028
13718262607
13718103329
13718056528
13718056033
13718055809
13718055358
13718053398
13718053393
13718053138
13718053133
13718053028
13717679529
13717565586
13701312622
13701247669
13701247626
13701247622
13701246787
13699173910
13699173717
13699173005
13699172770
13699171266
13699170585
13699170039
13699113922
13699113173
13699110682
13699110014
13699102870
13699102726
13699102321
13699102312
13699101256
13699100972
13693699576
13693699253
13693698309
13693698263
13693587283
13693587259
13693586718
13693586235
13693585367
13693583917
13693583783
13693534561
13693399488
13693292099
13693291025
13693053077
13693052899
13693051980
13691586277
13691517998
13691517977
13691515578
13691366059
13691197371
13691196056
13691195371
13691195336
13691121880
13691120817
13691120326
13691120301
13691120277
13691115106
13691113522
13691113018
13691112933
13691111749
13691111742
13691083935
13691083560
13691083102
13691083037
13691082711
13691082396
13691082253
13691081927
13691080693
13691080576
13691080281
13691080272
13691080262
13683230328
13683230201
13683227229
13683221158
13683220720
13683220323
13683217599
13683212998
13683211030
13683210912
13683206277
13683205677
13683205011
13683200813
13683200807
13683200703
13683200525
13683155033
13683061916
13683061518
13683060915
13683060519
13681530623
13681191669
13681190568
13681190028
13681188030
13681186002
13681182202
13681170366
13681166103
13681166091
13681165931
13681165807
13681165590
13681165190
13681163821
13681163382
13681163309
13681163177
13681162709
13681162620
13681162607
13681161933
13681161862
13681161721
13681161192
13681161076
13681160936
13681160350
13681160196
13681160052
13681159793
13681159563
13681159533
13681159255
13681158689
13681158670
13681158551
13681158359
13681158352
13681158251
13681158250
13681158075
13681157937
13681157379
13681157151
13681156985
13681156819
13681156330
13681130906
13681089337
13681088842
13681087863
13681087831
13681087653
13681087365
13681087073
13681086971
13681083765
13681083703
13681082769
13681002697
13671207289
13671206950
13671205269
13671205075
13671203932
13671203525
13671180998
13671180121
13671111249
13671110887
13671110719
13661393169
13661390878
13661389578
13661368177
13661361269
13661360577
13661323255
13661322300
13661322252
13661321979
13661320731
13661320219
13661318608
13661315989
13661310827
13661310117
13661303909
13661301669
13661301161
13661300995
13661300730
13661300529
13661300021
13661292577
13661291107
13661290821
13661290521
13661290305
13661290223
13661290213
13661290108
13661283969
13661281255
13661280331
13661278577
13661276277
13661270926
13661270311
13661265512
13661265228
13661260320
13661260268
13661259566
13661258299
13661256098
13661170209
13661170199
13661162968
13661060105
13661058829
13661006506
13651398230
13651397192
13651396552
13651388963
13651388579
13651388276
13651388259
13651388236
13651387853
13651387236
13651386316
13651385389
13651383660
13651383539
13651382501
13651382326
13651382056
13651192917
13651192267
13651191759
13651191087
13651189117
13651188750
13651188571
13651187712
13651187553
13651187059
13621359939
13621322236
13621116701
13611388598
13552992528
13552991366
13552990513
13552990129
13552990078
13552989838
13552989816
13552860389
13552859579
13552859259
13552786696
13552785508
13552785058
13552783868
13552687166
13552519305
13552519267
13552519213
13552519133
13552368603
13552368510
13552368150
13552368012
13552367922
13552367857
13552367720
13552367056
13552366931
13552366631
13552366596
13552366339
13552366289
13552366239
13552366012
13552365276
13552252086
13552251535
13552135295
13552135219
13552135196
13552135069
13552135051
13552135027
13552134388
13552133372
13552133361
13552133260
13552133189
13552133092
13552133035
13552105538
13552105109
13552103736
13552103585
13552103582
13552103202
13552103130
13552102951
13552102695
13552102638
13552102601
13552102592
13552102568
13552102270
13552101831
13552101275
13552021253
13552021195
13552019937
13552019850
13552019810
13552019792
13552019680
13552019579
13552019238
13552019195
13552018950
13552018380
13552017015
13552016882
13552016860
13552016730
13552016377
13552016138
13552016062
13552015957
13552015700
13522981658
13522981655
13522981377
13522981220
13522980869
13522980730
13522980677
13522663376
13522660186
13522659628
13522659608
13522659089
13522636692
13522515227
13522513952
13522501251
13522399132
13522399127
13522391167
13522390953
13522390932
13522389615
13522389150
13522388507
13522386102
13522386065
13522385051
13522332705
13522332307
13522332073
13522331971
13522331252
13522330172
13522329383
13522328125
13522322766
13522229643
13522229364
13522227904
13522227854
13522226794
13522226704
13522225874
13522225847
13522225824
13522224924
13522224917
13522224574
13522224537
13522224354
13522224314
13522224276
13522221854
13522221847
13522220384
13522219971
13522219870
13522219757
13522219718
13522219703
13522219663
13522219550
13522219256
13522218629
13522218326
13522218083
13522217922
13522217598
13522213826
13522213196
13522073353
13522073126
13522008226
13521917795
13521915769
13521710259
13521698657
13521693012
13521692621
13521510802
13521508177
13521506199
13521505799
13521500929
13521393019
13521363108
13521361566
13521360866
13521360521
13521360115
13521360108
13521358869
13521358766
13521358138
13521356299
13521266670
13521236015
13521235986
13521235887
13521235773
13521235672
13521235615
13521235367
13521235281
13521234962
13521234681
13521234620
13521234601
13521234199
13521233821
13521233725
13521233672
13521233661
13521233637
13521233271
13521233269
13521233169
13521233105
13521232991
13521232980
13521232861
13521232610
13521232366
13521232057
13521232031
13521231713
13521231603
13521231585
13521231372
13521230852
13521230582
13521230561
13521230363
13521230156
13520889965
13520888590
13520865977
13520863977
13520861979
13520770692
13520770159
13520770092
13520769819
13520769332
13520767078
13520766903
13520766189
13520766122
13520765936
13520765829
13520765769
13520753683
13520753515
13520753289
13520753235
13520753080
13520752905
13520752885
13520752877
13520752833
13520752672
13520752538
13520752250
13520750259
13520673211
13520673130
13520673013
13520672619
13520672611
13520672600
13520672577
13520672559
13520672500
13520671605
13520671520
13520671296
13520671203
13520671066
13520671056
13520670657
13520670409
13520670393
13520670252
13520670205
13520669767
13520669756
13520669562
13520669535
13520669396
13520669255
13520669251
13520669165
13520668598
13520665399
13520665059
13520662126
13520579206
13520579028
13520578991
13520525091
13520525063
13520521371
13520512960
13520510895
13520510738
13520510630
13520510065
13520509863
13520509585
13520509129
13520280936
13520157389
13520156760
13520156757
13520109110
13520107809
13520106933
13520106309
13520106289
13520106132
13520105977
13520105801
13520105681
13520105569
13520105527
13520105361
13520105330
13520105296
13520105129
13520103779
13520099239
13520096689
13520023629
13520023559
13520023280
13520023203
13520023055
13520022933
13520022639
13520022590
13520022582
13520019077
13520018766
13520018399
13520016882
13520010377
13520010079
13520009522
13520008377
13520007719
13520005980
13520002606
13520001822
13520001755
13501312837
13501306032
13439050101
18810632618
18810631958
18810631658
18810630558
18810630098
18810620238
18810620198
18810567880
18810131106
18810131025
18810131009
18810131005
18810099193
18810099192
18810099093
18810099050
18810099012
18810033779
18810009301
18810008932
18210297688
18210293588
15811565995
15811539118
15811538328
15811538238
15811538108
15011180696
15011166552
15011155989
15010929688
15010811202
15010810727
15010589599
13811523755
13811271755
13810973511
13810913755
13810797255
13810797155
13810753255
13810616711
13810523755
13810372633
13810327055
13810297255
13720022260
13718889379
13718889327
13718887635
13718886791
13718885017
13718883973
13718883921
13718882930
13718882672
13718882370
13718881793
13718881762
13718880967
13718878810
13701335911
13701329533
13701328922
13701326711
13701326533
13701325922
13701325011
13701322633
13701319522
13701317533
13701317355
13701316522
13701316322
13701308711
13701307533
13701247599
13701247066
13701209522
13701207033
13701175122
13699222553
13699191679
13699190157
13699172398
13699172078
13699112308
13699111397
13693587266
13693585955
13693585659
13693585011
13693584388
13693583798
13691199075
13691196028
13691195908
13691193978
13691085028
13691083885
13691083308
13691081976
13691081922
13691081328
13691080879
13691080836
13691080589
13681165229
13681165228
13681163508
13681163258
13681161659
13681161638
13681160559
13681159358
13681159128
13681158987
13681158938
13681158865
13681158596
13681157658
13681088849
13681087038
13681086819
13671225677
13671207199
13671117790
13671115569
13661267377
13651397566
13651386896
13651386399
13651382208
13651347177
13651192676
13651192269
13651188962
13651188910
13651188270
13651188131
13641013988
13621120213
13611051511
13552981026
13552980306
13552980125
13552980121
13552961989
13552851202
13552365318
13552135009
13552103668
13552103393
13552103018
13552102968
13552102598
13552101918
13552101299
13552021105
13552020013
13552016598
13552015677
13522552529
13522505677
13522329078
13522329019
13522328578
13522219885
13522218810
13522215628
13522215398
13521999861
13521999657
13521999561
13521999532
13521930512
13521235933
13521235822
13521235488
13521233922
13521233658
13521231619
13521231058
13521020721
13520980607
13520850205
13520850129
13520770127
13520769908
13520769606
13520768208
13520767976
13520765908
13520765608
13520752123
13520671878
13520670621
13520670620
13520670507
13520669659
13520669277
13520560717
13520560325
13520510127
13520272770
13520156928
13520108766
13520108038
13520107828
13520022798
13520022676
13501321703
13501319757
13501318376
13501317992
13501317902
13501316370
13501315717
13501315063
13501312937
13501312342
13501312295
13501312092
13501311879
13501307105
13501307092
13501306375
13501305793
13436576988
13436428088
15011116902
13718889579
13718889260
13718889112
13718886593
13718886532
13718886150
13718885290
13718885035
13718883965
13718883893
13718883503
13718882952
13718882913
13718882092
13691536088
13691012788
18810630998
18810630328
18810629928
18810621318
18810621298
18810621268
18810621208
18810620918
18810620718
18810620698
18810620598
18810620508
18810620488
18810620298
15010597890
13810723600
13718886328
13718706622
13718523300
13718523030
13718056088
13701330955
13701322955
13701315733
13699191386
13691081023
13691080526
13661297588
13651188552
13651185955
13552683788
13552365567
13552092588
13552020921
13552020702
13552020366
13522533737
13520770797
13501322336
13501320221
13501316033
13501022783
13501022095
13436688177
13436355788
18810099269
18810099255
18810099028
15011139288
13718886231
13718886025
13718885891
13718885323
13718883550
13718882259
13716888352
13716888132
13699221171
13691111790
13661111759
13651111509
13651111362
13552225898
13522553327
13522335573
13522335527
13522331171
13522263363
13522001169
13521527088
13521352675
13520836988
18810630878
18810630108
18810500628
18810499388
18810497588
18810497188
18810497088
18810495288
18810495088
18810493688
18810493288
18810493188
18810493088
18810492988
18810492588
18810492088
18810491788
18810131168
18810112123
18810111887
18810111883
18810099258
18810099169
18810099155
13811570611
13720009950
13718887595
13718886219
13718885576
13718883906
13718883019
13718882619
13718880985
13701247678
13699190589
13699190161
13699170299
13699170199
13699111081
13699110882
13693699079
13693588300
13691080820
13691080206
13681555592
13681359599
13661111329
13661111093
13651388658
13651387787
13552907588
13522612212
13522332215
13522330021
13522002215
13521999700
13521231220
13520770388
13520769979
13520670080
13520669388
13520108968
13520107717
13520106168
13501322309
13501322290
13501319211
13501315396
13436577677
18810631018
18810620668
13720007866
13718887826
13718887522
13718887038
13718886356
13718886126
13718886059
13718885139
13699190030
13699111499
13699109080
13693698058
18810631828
18810629878
18810629858
18810629808
18810499688
18810499288
18810499188
18810499088
18810099332
18810099115
18810099113
18810099068
13720007718
13718811773
13718811656
13701332377
13701315277
13699111058
13693586066
13691199609
13641007388
15010807080
18810632678
18810620868
13718053232
13701332799
13699191606
13699101889
13691200050
13651188812
13651100997
13641280128
13641016060
13641012020
13641005353
13522933088
13522932008
13522929779
13522776659
13522776623
13522776615
13522331130
13520706706
13436577707
13522776697
13693216611
13693207700
13520221220
13439000588
18810111788
13699190997
13699109929
13641010086
13641002228
13522332237
13641009008
13641008009
13701192788
15201234456
15810413048
15810412408
15810411942
15810411541
15810410487
15810409224
15810409014
15810408834
15810407495
15810406348
15810405994
15810405814
15810405584
15810405438
15810405274
15810405242
15810405041
15810404721
15810404665
15810404435
15810404401
15810404355
15810404229
15810404130
15810404126
15810403477
15810402441
15810402412
15810402074
15810401421
15810401246
15810401154
15810400497
13621240310
13621240162
13621189142
13621188473
13621187402
13621186474
13621185451
13621185245
13621185240
13621184703
13621184340
13621184294
13621184071
13621181493
13621181474
13621176274
13621176194
13621175843
13621175457
13621188416
13621188046
18310011552
15901580781
15210162766
15201633922
13683535262
13683535217
13683232859
13683232716
13683232195
13683131735
13521381877
18810808735
18810808637
18810518867
18810505607
18810188127
18810188071
18801382079
18801381075
18801381037
18801381036
18801381032
18801381021
18801380937
18801380935
18801380873
18801380870
18801380781
18801380767
18801380761
18801380760
18801380757
18801380753
18801380752
18801108162
18801008752
18801008523
18801008213
18801008173
18801008172
18801007813
18801007597
18801007082
18801005753
18801002862
18800183182
18311318066
18311315966
18311313966
18311313066
18311312866
18311309866
18311266099
18311260166
18311206766
18311203688
18311202199
18311202166
18311201966
18311201099
18311201066
18311200766
18311200699
18311200566
18311200366
18311200166
18311197566
18311197166
18311195799
18311195066
18311193166
18311181299
18311096266
18311091233
18311077866
18311010299
18311007699
18311002699
18310891966
18310890166
18301222115
18301097099
15901592237
15201633316
13718330900
13716137100
13693036700
13691596100
13691038200
13651197100
13581991700
13581976100
13581761233
13581717800
13521978600
13521512077
13521377211
13521177900
13501090644
18311321788
18311313566
18311312188
18311311966
18311309788
18311230288
18311209699
18311207588
18311207188
18311206988
18311206588
18311206566
18311206266
18311206088
18311205988
18311203988
18311202988
18311202588
18311201588
18311200588
18311200288
18311197088
18311175088
18311173988
18311096766
18311079099
18311077166
18311019799
18311010199
18311007599
18311006799
18311006599
18311001799
18310896266
18310876066
18310875088
18310873988
18310873788
18310873588
18310872588
18310871788
18310869788
18310867088
18310863588
18310863188
18310861788
18310860788
18310857188
18310856766
18310853788
18310853188
18310853088
18310755788
18301221981
18301080500
15901581031
15201633378
18801108183
18311339800
18311316566
18311310988
18311269599
18311269099
18311220500
18311213088
18311211788
18311206866
18311206188
18311205088
18311202188
18311200688
18311191266
18311176966
18311019299
18311011599
18311008599
18310876266
18310859199
18310856266
18310837188
18310739288
18301080700
18810505512
18801007975
18301065655
15711391998
13811078683
13811075991
13810972995
13810925953
18810896596
18810188697
18810188613
18801313007
18801313002
18801199873
18801199817
18801199762
18801199732
18801199713
18801199572
18311195677
18311015677
18310887577
18301221985
15718821998
15116959299
15011515198
13811979136
13811978126
13811975096
13811970196
13811970156
13811926156
13811878356
13811872206
13811853019
13811828196
13811785826
13811765159
13811375096
13811365609
13811329206
13811076516
13811021759
13810945066
13810932716
13810931370
13810929772
13810854599
13810433499
13720057266
13717860966
13717679266
13717597699
13701399362
13701398931
13701397571
13701383262
13701381093
13701365852
13701363961
13701363190
13701289261
13701289173
13701268623
13701266952
13701262893
13701199245
13701166947
13701155402
13701144703
13701144126
13699251978
13699137099
13693612199
13693536766
13693517699
13693301978
13693301977
13693277166
13693255799
13693187599
13693107166
13693036299
13691578299
13691576199
13691393299
13691328766
13691031977
13683575199
13683392599
13683262199
13681597166
13681561979
13681532099
13681261973
13681211983
13681021971
13671357199
13671313566
13671212799
13671081366
13671051985
13661311972
13661301971
13661271973
13661251976
13651181977
13651151979
13651133755
13651012066
13621037366
13621030599
13601339359
13601227086
13601216629
13601173709
13601078290
13601078265
13601078239
13601078153
13581987299
13581936799
13581795199
13581732199
13581726099
13581702199
13581661599
13581597099
13581579599
13581551976
13581537577
13581528299
13553006366
13552989299
13552981266
13552975677
13552956266
13552927199
13552857677
13552836766
13552797577
13552619166
13552276366
13552057677
13552056766
13522987677
13522971996
13522871996
13522850766
13522780299
13522716366
13522653566
13522651066
13522615677
13522315677
13522128799
13522100266
13522065299
13522050166
13521967966
13521936799
13521859066
13521803199
13521798799
13521783699
13521773799
13521708166
13521679766
13521639299
13521601566
13521590266
13521522766
13521513899
13521507988
13521503066
13521501980
13521397066
13521370566
13521337366
13521301566
13521269566
13521227266
13521201977
13521123766
13521107166
13521058099
13521022899
13520958699
13520927866
13520917866
13520751981
13520637366
13520232766
13520197966
13520193966
13520179766
13520179166
13520171566
13520123266
13511011978
18310887866
18310856166
18811101360
18811080879
18810897677
18810895866
18810893599
18810891799
18810701866
18810397166
18810201255
18810101902
18801388606
18801383966
18801218850
18801135077
18801031566
18801016577
18710011511
18311329299
18311326266
18311306066
18311297977
18311297899
18311259599
18311211511
18311209099
18311206066
18311087899
18310889866
18310881599
18310880300
18310880200
18310876766
18310859599
18210633033
18201533733
18201533033
15910907077
15910711611
15910329699
15801211511
15210856566
15210829299
15201633833
15201633533
15010576766
13811973578
13811972139
13811926196
13811797089
13811787289
13811782139
13811317139
13811315139
13811286129
13810679533
13717676500
13681531980
13671259566
13671087966
13581735788
13581696766
13581506066
13552750188
13552027199
13522730588
13522721388
13522593788
13522512188
13521301788
13520796788
18810706966
15801520188
15201122922
13811898796
13718796766
13717606966
13693292788
13693227288
13693201788
13693179099
13693059199
13691571288
13691277966
13683016066
13681370788
13671362788
13671211788
13671209199
13671078266
13671020588
13661301788
13661070788
13611386366
13601333710
13601272706
13601222317
13601222071
13601198782
13601187872
13601160215
13601097670
13601067762
13601059975
13601057071
13601019367
13601010673
13581630788
13552907088
13552790588
13552656066
13552616066
13552336366
13552301288
13552236766
13552202788
13552107088
13552072088
13522719788
13522670988
13522596266
13522136088
13521806788
13521690788
13521570588
13521191288
13521186366
13501212069
13601057533
18811211169
18810897599
18810896799
18810895677
18810889739
18810230799
18810135899
18801391677
18801380766
18801313779
18801229916
18801191197
18801133219
18801131899
18801123199
18801121255
18801010398
18801007569
18801002979
18710155955
18710155355
18710155255
18701300600
18311355755
18311355655
18311355255
18311300600
18311300500
18311200900
18311200700
18311200600
18311200300
18311077277
18310887877
18310877977
18310877677
18310877577
18310377877
18310377577
18301100300
18301100200
18210700600
18210200600
18201600300
18201577677
18201377677
18201055255
15901300500
15727355255
15727300500
15711300100
15201577877
15201577177
13811370216
13810957900
13718656066
13701318796
13701132219
13683200900
13681166077
13681133566
13671188977
13671133733
13671033733
13661322922
13661022122
13651322322
13621355255
13601385196
13601266596
13601167967
13601150959
13601138782
13601130056
13601013017
13552736966
13552736566
13552696366
13522912088
13522716966
13522033733
13521922822
13520016266
13511022822
18811103876
18810850859
18810188339
13811370933
13683036366
13681287877
13621302014
13581979299
13521636366
13521502013
13521382010
18810889379
18810887836
18810887236
18311179799
13601313795
13601313160
13601212752
13601212275
13601177683
13601177312
13601177182
13601136190
13601136076
13601136057
13601133570
13601122870
18810896766
18810887809
18810886719
18810212300
18810188755
18801381099
18801119636
18801069769
18311298188
18311079799
18310769699
18310758588
18301138188
18301128588
15901200500
15712858088
13811951277
13811772138
13811576177
13810976700
13810970600
13810950300
13810933177
13810930977
13810873900
13810873800
13810785600
13810178677
13717597977
13651219010
13601333762
13522022788
13521726266
13601212775
18811229508
18811229108
18811229068
18811229058
18811228959
18811228318
18811227786
18811227759
18811227756
18811227739
18811227738
18811227729
18811227719
18811227716
18811227598
18811227298
18811226908
18811226508
18811226156
18811226106
18811226056
18811223959
18810889759
18810889756
18810889729
18810889719
18810889706
18810889579
18810889576
18810889509
18810889506
18810889359
18810889356
18810889336
18810889309
18810889306
18810889279
18810889239
18810889219
18810889216
18810889206
18810889136
18810887956
18810887939
18810887929
18810887826
18810887739
18810887736
18810887659
18810887639
18810887629
18810887626
18810887619
18810887596
18810887579
18810887559
18810887539
18810887529
18810887526
18810887519
18810887516
18810887509
18810887506
18810887396
18810887379
18810887376
18810887339
18810887329
18810887326
18810887316
18810887309
18810887286
18810887279
18810887276
18810887269
18810887259
18810887256
18810887239
18810887229
18810887226
18810887219
18810887196
18810887186
18810887179
18810887176
18810887169
18810887156
18810887139
18810887129
18810887109
18810887069
18810887059
18810887056
18810887039
18810887029
18810886859
18810886796
18810886759
18810886739
18810886736
18810886729
18810886716
18810886709
18810886706
18810886579
18810886576
18810886539
18810886536
18810886529
18810886522
18810886519
18810886379
18810886359
18810886356
18810886326
18810886319
18810886316
18810886306
18810886279
18810886276
18810886219
18810886209
18810886179
18810886176
18810886159
18810886139
18810886129
18810886109
18810886079
18810886076
18810886059
18810886036
18810886019
18810885939
18810885839
18810885739
18810885736
18810885729
18810885726
18810885719
18810885709
18810885639
18810885629
18810885622
18810885539
18810885379
18810885356
18810885339
18810885329
18810885326
18810885319
18810885316
18810885279
18810885276
18810885269
18810885259
18810885226
18810885219
18810885216
18810885209
18810885196
18810885169
18810885139
18810885136
18810885129
18810885109
18810885079
18810885076
18810885059
18810885029
18810885019
18810883976
18810883956
18810883919
18810883916
18810883906
18810883879
18810883876
18810883829
18810883819
18810883796
18810883769
18810883756
18810883739
18810883729
18810883726
18810883716
18810883709
18810883706
18810883679
18810883676
18810883629
18810883619
18810883609
18810883576
18810883539
18810883526
18810883522
18810883519
18810883516
18810883509
18810063010
18311298588
18311268588
18311018588
18310758688
18310758188
18210378188
15910269699
15712968088
15711098188
15210718988
13716767977
13716767199
13701335711
13601218185
13601136202
13601127891
18810233833
18810233733
18810233133
18810212100
13810827677
13601173700
13601096782
13581891979
18811229110
18811227268
18811227110
18811225909
18811218879
18811218876
18811218869
18811218839
18811218836
18811218829
18811218826
18811218809
18811218806
18811176388
18811156110
18811129110
18811100879
18810889329
18810889259
18810889256
18810889129
18810887906
18810887679
18810887296
18810887209
18810887159
18810887096
18810887076
18810887019
18810886939
18810886596
18810885876
18810885609
18810885359
18810883929
18810883596
18810188209
18810188136
18810188038
15910310388
15010977877
13810965266
13810879100
13718296966
13717676566
13693030366
13683206066
13671020200
13601213602
13601192611
13601133879
13601133870
13601118796
13601031070
13552038788
18810887016
13522922722
18811228908
18811228728
18811228718
18811228289
18811228078
18811227896
18811227698
18811225006
18811138766
18811138699
18811138599
18811138566
18811138399
18811138366
18811138299
18811138099
18811137966
18811137699
18811137566
18811137399
18811137366
18811137299
18811137266
18811137199
18811137166
18811132966
18811132866
18811132799
18811132766
18811132599
18811132566
18811132399
18811129066
18811125388
18811123766
18811109366
18811109266
18811108799
18811108399
18811108366
18811108299
18811108266
18811105399
18811105366
18811105266
18811102366
18811102066
18811101299
18811070988
18811061788
18810889859
18810889796
18810889656
18810889619
18810889109
18810889059
18810887996
18810887986
18810887909
18810887806
18810885979
18810885929
18810885909
18810883969
18810883909
18810719788
18810229788
18810226588
18810173788
18810162788
18801397288
13693105788
13683071789
13521078966
18810210100
18810202100
18801166200
13811515266
18811228978
18811228708
18811228508
18811228028
18811218859
18811159110
18811138166
18811109388
18811108766
18811103199
18811102099
18810889976
18810889829
18810887769
18810887756
18810887719
18810887716
18810887706
18810887669
18810887556
18810887089
18810887009
18810887006
18810886659
18810886629
18810885576
18810885526
18810679679
18810262010
18810230588
18810202077
18810176088
18801177989
18801177206
18801166979
18801166959
18801125010
18801122077
17888813566
13811711139
13811575138
13717812789
13717516678
13716921678
13693572789
13693527789
13693281789
13693081789
13693070700
13691571789
13691300700
13691257789
13683517789
13683021789
13681300700
13601376135
13581728789
13520371789
13501221976
18811227228
18811156388
18810887759
18810885529
18810885509
18810509599
18810200266
18810169788
18810022622
18801389199
18801169599
18801166206
18801031300
18201568688
13811599110
13810682577
13701310677
13601123080
13521577877
13501289266
18201598988
15710066366
15210866266
15010266766
13683090900
13601367262
13601367193
13601367093
13581888012
18810203188
18810170588
15910899299
15801366766
15210966366
15010866766
13718188803
13716577877
13552977877
13520177977
18210599299
15711066366
18811173988
18811170988
18811153688
18811137988
18811123988
18811101388
18811100399
18811075088
18811073188
18810727899
18801030100
18311223386
18311223359
18311223306
18201566766
15101699799
15010799099
13811296129
13810762009
13701378392
13701378293
13601375399
18810897899
18201166866
18811153088
18811070188
18810519199
18810396966
18810227188
18810225088
18810218288
18801030809
13910744544
13910644044
13520699299
18811176088
18811156088
18811076788
18810529299
18810230188
18810209188
18311066866
18311066166
15010531035
13810691969
13601212346
13601109010
18811225788
18811109299
13701118277
18811211266
18811137899
18811133299
18811133266
18811133166
18811131288
18811100799
18810201988
18810201288
18801030300
18801010266
13910444544
13681566676
13601375966
18810212088
18811138789
18811137678
18811132678
18811129678
18811101788
18810528288
18311166066
13701166300
18811071688
18811071588
13717599969
13691266696
18811178288
18811172188
18810888266
18810678188
18810568188
18810528188
18810528088
18810298188
18810258188
18801117177
13911515171
13911392597
13911336729
13671388808
13601253199
13601202789
13521899599
13520899599
18810899108
18811010788
15910288588
13911841988
13911841788
13911841288
13911439188
13911439088
13911437588
13910491288
13910490588
13910490188
13811920188
13811912188
13811870188
13811796788
13811576788
13811519688
13810991788
13810979188
13810826188
13810709688
13810667988
13801393245
18811157188
18811078188
18810278188
18810178188
15011264666
13811961588
13811821588
13811761588
13810621588
18811177588
18811133988
18811133688
18811131588
18811122988
18811121588
18811120188
18810202088
13911438188
13811711288
13811351388
13810721688
13810164000
13810064222
13911752139
13811677188
13811655088
18811178588
18811150188
18811138988
18811135188
18811128588
18811108988
13811997288
13810234222
13810064000
13520388688
18811178188
18811171988
18811138088
18810899199
18810177977
18801177977
13910175788
13811771288
13811566188
13811371588
13811361988
18811129299
13681390888
18811138388
18811178788
18810887188
18810887088
18811018188
13811713811
15801522668
15210938677
15210938177
15210938077
15210930877
15210928077
15210879577
15210879177
15210879077
15210878377
15210878177
15210876977
15210628286
18813000672
18813000671
18813000670
18813000657
18813000653
18813000652
18813000637
18813000632
18813000631
18813000597
18813000595
18710216234
18710125399
18710125366
18701697599
18701697567
18701567166
18701567066
18701383567
18210382456
18210380456
18210371799
18210371766
18210371699
18201203266
15911150627
15911150619
15911150612
15911150610
15911150602
15911150598
15910268399
15901332799
15811311982
15811311977
15811311976
15811311975
15811311973
15811311972
15811311971
15810857345
15810776234
15810053766
15801207066
15210935677
15210628766
15210628366
15210628266
15210627866
15210199234
15201681510
15201675123
15120068266
15110169066
15101678587
15011237599
15011226963
15011226952
15011226825
15011226719
15011223598
15011223586
15011223538
15011189738
15011189719
15011189709
15011189708
15011189700
15011186926
15011186909
15011186908
15011186879
15011177386
15011177278
15011171009
15011166956
15011166328
15011163808
15011163233
15011163103
15011163099
15011163068
15011163020
15011161638
15011161368
15011157738
15011157729
15011157728
15011157308
15011139886
15011125799
15011125099
15011077599
15011076991
15010930612
15010893955
15010891176
15010891169
15010891159
15010891131
15010891003
15010876781
15010871252
15010871102
15010828456
15010316799
15010316766
15010102238
15010100968
15010100876
15010100169
15001221668
15001160209
15001155532
15001155352
15001155326
15001155307
15001155291
15001155276
15001077178
13718976700
13718182875
13718182863
13718182832
13718182729
13717881980
13717798116
13717630868
13717630299
13717630214
13717618186
13716581227
13716581215
13716580729
13716580721
13716580325
13716580323
13716580320
13716580225
13716580223
13716580209
13716580129
13716580113
13716580107
13716305166
13699226958
13699212007
13699180380
13699180253
13699180109
13699180027
13699179875
13699179785
13699179170
13699178362
13699178077
13699177600
13699177165
13699176759
13699176657
13699159170
13699159080
13699159078
13699159061
13699158927
13699158860
13699158751
13699158728
13699158710
13699158612
13699158576
13699158531
13699158217
13699158012
13699157937
13699157919
13699157913
13699157737
13699157721
13699157713
13699157569
13699157562
13699102621
13699102562
13699101308
13699101063
13699100835
13699100793
13693319877
13693289036
13693288773
13693288109
13693190307
13693190305
13693190298
13693190292
13693190271
13693190091
13693189987
13693189863
13693189782
13693185501
13691539456
13691380552
13683687165
13683676234
13683676170
13683675819
13683675607
13683675597
13683156277
13683151077
13683150277
13683133739
13683133698
13683119286
13683111679
13683109921
13683107699
13683100624
13683091683
13683090720
13683078272
13683033178
13683032916
13683032116
13683030093
13683022399
13683002399
13681293629
13681275880
13681275812
13681275650
13681275596
13681275507
13681275025
13681252625
13681212613
13671182327
13671181363
13661308268
13651128719
13651120225
13651119738
13651119581
13651112079
13651112019
13651090716
13651090512
13651090373
13651090104
13651086367
13651085352
13651022899
13651022027
13651017199
13651013137
13641200602
13641200217
13621320427
13621318975
13621262027
13611269819
13611269511
13611269279
13611268821
13611268726
13611267738
13611226872
13611226859
13611226530
13611226315
13611226205
13611226037
13611226032
13611226004
13611225832
13611225735
13611225621
13611225078
13581767166
13581736799
13552865059
13552863986
13552863977
13552863626
13552863302
13552863203
13552863132
13552863055
13552862340
13552862321
13552862302
13552862182
13552861909
13552861780
13552861727
13552751570
13552751381
13552751350
13552751080
13552751005
13552751002
13552750855
13552750787
13552750630
13552750524
13552750185
13552750025
13552631213
13552351696
13552351259
13552351019
13552351016
13552350807
13552350712
13552350406
13552350309
13552350302
13552350278
13552350277
13552349488
13552311373
13552311350
13552311028
13552310918
13552310915
13552310910
13552310907
13552310904
13552310730
13552310627
13552310580
13552310531
13552310427
13552310316
13552310272
13552310227
13552310210
13552310092
13552310072
13552309115
13552308902
13552308901
13552308772
13552308283
13552308196
13552308190
13552308129
13552307987
13552307897
13552307895
13552307792
13552307707
13552307651
13552307598
13552307522
13552307234
13552307199
13552306933
13552306659
13552306626
13552306623
13552306506
13552306202
13552305313
13552305205
13552303577
13552303031
13552302706
13552302456
13552302329
13552302286
13552302210
13552302110
13552301939
13552301826
13552301681
13552301667
13552301533
13552301298
13552301207
13552301106
13552300885
13552300578
13552300252
13552300224
13552300196
13552300113
13552300106
13552300105
13552298875
13552298871
13552298869
13552298825
13552298722
13552298377
13552123522
13552123328
13552116180
13552116112
13552115799
13552115078
13552107037
13552101561
13522913710
13522913656
13522913217
13522913137
13522913125
13522913107
13522912995
13522912923
13522912810
13522912592
13522912189
13522912182
13522912033
13522912029
13522912023
13522911638
13522911607
13522911587
13522911560
13522911306
13522911258
13522911028
13522910956
13522910913
13522910889
13522910737
13522910672
13522910663
13522910537
13522898870
13522898792
13522898712
13522898512
13522898351
13522898322
13522898162
13522898120
13522898032
13522897973
13522897938
13522897930
13522897871
13522897730
13522897716
13522897703
13522635189
13522630213
13522628827
13522532566
13522532259
13522532175
13522531265
13522505078
13522502197
13522392278
13522392039
13522391029
13522390930
13522390611
13522390605
13522390421
13522270286
13522270161
13522178983
13521931532
13521931383
13521931321
13521931303
13521931297
13521931104
13521931008
13521930995
13521930932
13521930778
13521930755
13521927922
13521927751
13521927732
13521926807
13521926785
13521923723
13521923593
13521923382
13521923122
13521923110
13521922793
13521922790
13521922732
13521922596
13521919209
13521919039
13521919026
13521919016
13521918931
13521918792
13521918701
13521918570
13521918331
13521912925
13521912821
13521880957
13521880731
13521880352
13521880271
13521880175
13521880129
13521879937
13521879815
13521879771
13521879557
13521879221
13521879051
13521878792
13521878729
13521878710
13521878535
13521878101
13521877308
13521877011
13521786816
13521570524
13521570313
13521570185
13521570156
13521570139
13521570133
13521570071
13521570030
13521569907
13521569807
13521569793
13521569773
13521181095
13521180960
13521180737
13521180602
13521176630
13521172629
13521172506
13521166051
13521166021
13521165561
13521163161
13521163132
13521163089
13521163083
13521159355
13521155581
13521155507
13521155379
13521155328
13521155190
13521154560
13521153381
13521153323
13521153038
13521152979
13520957730
13520890768
13520792802
13520792620
13520792355
13520792331
13520792232
13520792092
13520792083
13520792072
13520791905
13520791863
13520669733
13520562921
13520562850
13520562821
13520560421
13520560290
13520558873
13520383187
13520223099
13520218234
13520217234
13520197566
13439202004
18810007250
18201117066
15210629599
15011159592
15001199818
15001196123
15001155308
13717618123
13717614988
13693513123
13693288155
13683687213
13683685292
13683611982
13683032004
13651132488
13651090297
13651012368
13651010599
13651010299
13552861708
13552751488
13552747588
13552347288
13552310968
13552308968
13552305878
13552305758
13552303900
13552301811
13522913308
13522911996
13522631898
13522392003
13521880278
13521877071
13521019567
13520821995
13520189958
13520124188
13520123938
13520123697
13520123503
13520123016
13671184789
18813066177
18813031108
18811517511
18811516711
18810986977
18810533118
18810531108
18810521158
18810009829
18810009619
18810009519
18810009516
18810009312
18810009231
18810009225
18810009129
18810009115
18810009103
18810009025
18810008913
18810008727
18810008717
18810008683
18810008012
18810007995
18810007753
18810007750
18810007729
18810007527
18810006893
18810006713
18810006581
18810006573
18810006370
18810005835
18810005802
18810005715
18810005690
18810005613
18810005302
18810005212
18810005169
18810003981
18810003916
18810003915
18810003895
18810003672
18810003671
18810003632
18810003621
18810003612
18810003531
18810003350
18810003235
18810003085
18810002993
18810002967
18810002536
18810002331
18810002067
18810001675
18810001367
18810001287
18810001271
18810001179
18801198180
18801198177
18801198110
18801196680
18801196618
18801137577
18710115518
18701566899
18210891718
18201121388
17801096567
17801091567
15910915859
15901111735
15901111732
15901111731
15901111729
15901111697
15901111693
15901111692
15901111690
15901111679
15901111675
15901111673
15901111672
15901111670
15901111650
15901111627
15901111621
15901111612
15901111596
15901111572
15901111571
15901111563
15901111562
15901111560
15901111539
15901111536
15901111532
15901111529
15901111502
15901111501
15901111263
15901111262
15901111261
15901111260
15901111257
15901111253
15901111252
15901014388
15811397567
15811105755
15811103778
15811103718
15811067557
15810058568
15801000871
15801000739
15801000735
15801000733
15801000732
15210877377
15210669599
15110111090
15110111087
15110111086
15110111085
15110111080
15011226615
15011226613
15011226605
15011188203
15011188202
15011188201
15011188200
15011188197
15011188196
15011188195
15011188193
15011188192
15011188190
15011188189
15011188186
15011188185
15011186928
15010838234
15001397288
13811163083
13811162270
13811161750
13811161695
13811161673
13811161502
13811160783
13811160251
13811158072
13811157680
13811157053
13811156727
13811156535
13811155903
13811153501
13811152797
13811152635
13811152329
13811152257
13811152156
13811120382
13811109752
13811109256
13811108653
13811107612
13811107529
13811107297
13811107195
13811106562
13811106387
13811106091
13811105726
13810638872
13810633227